-32768	155
-31744	182
-30720	221
-29696	260
-28672	269
-27648	338
-26624	402
-25600	507
-24576	632
-23552	838
-22528	1064
-21504	1339
-20480	1754
-19456	2155
-18432	2679
-17408	3354
-16384	4063
-15360	5055
-14336	6244
-13312	7546
-12288	8889
-11264	10844
-10240	12676
-9216	14496
-8192	16667
-7168	18282
-6144	20733
-5120	22077
-4096	23197
-3072	24457
-2048	25390
-1024	26174
0	25901
1024	25763
2048	25180
3072	23951
4096	22506
5120	21008
6144	18583
7168	16672
8192	14934
9216	13055
10240	11310
11264	9513
12288	7898
13312	6375
14336	5140
15360	3947
16384	3274
17408	2455
18432	1944
19456	1466
20480	1224
21504	921
22528	717
23552	582
24576	473
25600	367
26624	269
27648	217
28672	184
29696	165
30720	142
31744	125
